188.0 133.0 9.0 0.0 0.0 0.33333334 0.26666674 0.5 0.077777736 6.6666665 8.333334 7.7777777 3.8888888 5.0 3.3333333 -8.333333 8.444445 0.53858024 -0.92481726
34.0 137.0 9.0 0.0 0.0 0.5000002 0.16666673 1.111111 0.47407418 5.851852 7.7777777 6.4444447 3.3333333 5.7777777 1.7777778 -7.5555553 7.7777777 0.57363313 -0.74427164
16.0 128.0 9.0 0.0 0.0 0.5 0.077777766 0.66666675 0.31111118 5.5555553 6.888889 6.6666665 3.1111112 4.0 3.3333333 -7.3333335 7.111111 0.56150794 -0.98581076
14.0 110.0 9.0 0.0 0.0 1.7222224 5.3518505 2.6666667 1.0222229 17.925926 18.88889 21.444445 13.444445 2.8888888 10.555555 -13.444445 21.444445 0.36884832 -1.3450956
85.0 101.0 9.0 0.0 0.0 1.3333334 1.2888881 1.2777777 1.2185181 21.296297 21.222221 26.777779 15.888889 -0.22222222 16.444445 -16.222221 26.777779 0.4047922 -1.5585992
23.0 55.0 9.0 0.0 0.0 2.2222216 3.6740727 1.7777773 0.7851852 23.444445 21.666666 31.11111 17.555555 -5.3333335 23.0 -17.666666 31.11111 0.43507022 -1.7711632
80.0 116.0 9.0 0.0 0.0 1.5 1.6333328 1.5555557 0.87407404 21.703703 21.222221 27.555555 16.333334 -1.4444444 17.555555 -16.11111 27.555555 0.40736422 -1.6322426
120.0 136.0 9.0 0.0 0.0 0.61111116 0.4185187 1.0000001 0.4444444 6.259259 7.7777777 7.2222223 3.7777777 4.5555553 2.8888888 -7.4444447 8.0 0.52954143 -0.92460656
23.0 85.0 9.0 0.0 0.0 1.4444445 1.0518525 1.777778 0.96296287 17.962963 18.88889 21.88889 13.111111 2.7777777 11.777778 -14.555555 21.88889 0.39975148 -1.386867
229.0 124.0 9.0 0.0 0.0 0.888889 0.074073985 0.8888889 0.3407407 5.888889 7.111111 7.111111 3.4444444 3.6666667 3.6666667 -7.3333335 7.5555553 0.5458554 -1.0376626
121.0 60.0 9.0 0.0 0.0 2.277778 2.329629 2.888889 2.8740742 26.74074 24.666666 35.22222 20.333334 -6.2222223 25.444445 -19.222221 35.22222 0.4223002 -1.776113
80.0 95.0 9.0 0.0 0.0 1.2222223 1.0074079 0.944444 0.5518514 21.407408 21.333334 26.666666 16.222223 -0.22222222 15.777778 -15.555555 26.666666 0.39043593 -1.5673273
145.0 102.0 9.0 0.0 0.0 0.88888866 0.6074083 2.611111 1.4851857 23.074074 22.11111 29.777779 17.333334 -2.8888888 20.11111 -17.222221 29.777779 0.41776258 -1.6854404
138.0 133.0 9.0 0.0 0.0 0.6666667 0.44444433 1.1666666 0.21111093 6.4444447 7.7777777 7.888889 3.6666667 4.0 4.3333335 -8.333333 8.222222 0.5582011 -1.0776595
95.0 57.0 9.0 0.0 0.0 1.8333327 3.4111106 2.1111107 1.7185175 26.296297 24.666666 34.444447 19.777779 -4.888889 24.444445 -19.555555 34.444447 0.42569095 -1.7390174
142.0 33.0 9.0 0.0 0.0 0.49999872 0.62360865 0.50000125 0.3496027 110.59259 96.77778 128.66667 106.333336 -41.444443 54.22222 -12.777778 128.66667 0.24777646 -2.4080186
165.0 99.0 9.0 0.0 0.0 0.88889056 0.47407392 0.7777786 0.47407353 93.40741 79.0 118.0 83.22222 -43.22222 73.77778 -30.555555 118.0 0.33041757 -2.2077565
124.0 29.0 9.0 0.0 0.0 1.0000013 0.7111076 1.0555534 0.90741664 128.44444 119.22222 142.88889 123.22222 -27.666666 43.333332 -15.666667 142.88889 0.16561614 -2.271128
21.0 90.0 9.0 0.0 0.0 0.66666794 0.044444147 0.7777786 0.56296283 113.48148 105.888885 128.55556 106.0 -22.777779 45.22222 -22.444445 128.55556 0.17969723 -2.0978148
122.0 11.0 9.0 0.0 0.0 1.0 0.31111577 2.8888905 5.051852 143.44444 136.88889 150.88889 142.55556 -19.666666 22.333334 -2.6666667 150.88889 0.09277301 -2.5216477
7.0 18.0 9.0 0.0 0.0 1.2777786 0.7296265 0.9444453 0.37407914 138.62962 133.33334 147.55556 135.0 -15.888889 26.777779 -10.888889 147.55556 0.096352234 -2.2146115
152.0 18.0 9.0 0.0 0.0 0.7777774 0.4554219 0.55555725 0.2721644 112.111115 97.22222 130.44444 108.666664 -44.666668 55.0 -10.333333 130.44444 0.2546684 -2.45498
143.0 24.0 9.0 0.0 0.0 1.2777773 0.9074056 0.88888806 1.1407489 127.62963 117.666664 141.66667 123.55556 -29.88889 42.11111 -12.222222 141.66667 0.16939692 -2.349252
107.0 21.0 9.0 0.0 0.0 0.66666156 0.51639783 1.1666666 0.4082483 126.77778 115.77778 141.88889 122.666664 -33.0 45.333332 -12.333333 141.88889 0.18402189 -2.3703718
93.0 29.0 9.0 0.0 0.0 1.2222239 1.2296363 1.3888906 1.5740819 128.48148 119.0 142.77777 123.666664 -28.444445 42.88889 -14.444445 142.77777 0.16648434 -2.2977605
179.0 101.0 9.0 0.0 0.0 0.44444785 0.3851871 0.61110944 0.32963282 134.92592 126.44444 147.22223 131.11111 -25.444445 36.88889 -11.444445 147.22223 0.14110672 -2.3287346
103.0 64.0 9.0 0.0 0.0 0.6666667 0.6992054 1.3333308 0.91893595 108.77778 96.333336 126.22222 103.77778 -37.333332 52.333332 -15.0 126.22222 0.2367968 -2.3554425
80.0 40.0 9.0 0.0 0.0 0.6111107 0.5741323 0.7222226 0.7722025 110.703705 96.22222 129.0 106.888885 -43.444443 54.88889 -11.444445 129.0 0.2540513 -2.4346924
92.0 56.0 9.0 0.0 0.0 0.44444275 0.029629406 0.8333333 0.5666677 126.0 115.888885 140.66667 121.44444 -30.333334 44.0 -13.666667 140.66667 0.17606053 -2.3267827
125.0 46.0 9.0 0.11111111 0.0 0.61110944 0.61161584 2.166668 0.7817352 124.55556 112.77778 141.0 119.888885 -35.333332 49.333332 -14.0 141.0 0.20012376 -2.357688
21.0 122.0 9.0 0.0 0.0 0.44444445 0.4036867 0.44444445 0.4036867 0.5555556 0.0 1.2222222 0.44444445 -1.6666666 2.0 -0.33333334 1.2222222 0.5555556 -2.4445627
18.0 87.0 9.0 0.0 0.0 1.5555555 1.9626132 1.8888887 1.7469552 2.925926 1.2222222 5.6666665 1.8888888 -5.111111 8.222222 -3.1111112 5.6666665 0.86277056 -2.2294934
54.0 91.0 9.0 0.0 0.0 1.4444443 1.540741 0.8333333 0.25555572 3.2592592 0.5555556 8.0 1.2222222 -8.111111 14.222222 -6.111111 8.0 0.94481075 -2.186723
140.0 124.0 9.0 0.0 0.0 1.0 0.44444454 1.1111112 1.0518516 2.5185184 0.22222222 6.111111 1.2222222 -6.888889 10.777778 -3.8888888 6.111111 0.97376543 -2.267462
9.0 80.0 9.0 0.0 0.0 2.9444444 13.751853 16.666666 71.5111 23.62963 17.333334 31.666666 21.88889 -18.88889 24.11111 -5.2222223 31.666666 0.5142537 -2.4315135
74.0 129.0 9.0 0.0 0.0 0.22222222 0.029629637 0.11111111 0.029629635 0.5185185 0.0 1.5555556 0.0 -1.5555556 3.1111112 -1.5555556 1.5555556 1.0 -2.0943952
36.0 145.0 9.0 0.0 0.0 0.2777778 0.19629629 1.2777778 2.0629628 0.8518519 0.33333334 1.4444444 0.7777778 -1.5555556 1.7777778 -0.22222222 1.4444444 0.25185186 -2.5309503
18.0 90.0 9.0 0.0 0.0 1.0555555 0.37407416 0.6666667 0.22222227 2.8148148 0.5555556 6.888889 1.0 -6.7777777 12.222222 -5.4444447 6.888889 0.9261464 -2.1643226
45.0 108.0 9.0 0.0 0.11111111 25.5 12.795401 27.277779 15.930981 49.814816 41.77778 61.11111 46.555557 -24.11111 33.88889 -9.777778 61.11111 0.35897508 -2.3604913
67.0 136.0 9.0 0.0 0.0 6.722223 3.7083488 2.6666667 3.1972213 15.518518 9.0 25.333334 12.222222 -19.555555 29.444445 -9.888889 25.333334 0.66081303 -2.3075109
231.0 124.0 9.0 0.0 0.0 3.4444447 14.962965 1.8333334 6.4333353 3.0 1.4444444 5.888889 1.6666666 -4.6666665 8.666667 -4.0 5.888889 0.895369 -2.118937
1.0 81.0 9.0 0.0 0.0 12.166667 267.45554 9.222222 205.36296 21.333334 14.0 30.555555 19.444445 -22.0 27.666666 -5.6666665 30.555555 0.5952822 -2.438409
58.0 109.0 9.0 0.0 0.0 0.8888889 0.25185165 2.8333333 1.677777 4.296296 1.4444444 8.444445 3.0 -8.555555 12.444445 -3.8888888 8.444445 0.8644824 -2.2837873
140.0 125.0 9.0 0.0 0.0 0.66666657 0.22222227 2.6666667 3.7777781 3.925926 1.5555556 7.7777777 2.4444444 -7.111111 11.555555 -4.4444447 7.7777777 0.85319865 -2.2342408
23.0 129.0 9.0 0.0 0.0 0.5 0.077777795 0.38888887 0.15185186 0.5185185 0.0 1.5555556 0.0 -1.5555556 3.1111112 -1.5555556 1.5555556 0.7777778 -2.0943952
219.0 80.0 9.0 0.0 0.0 1.2777767 0.3296295 0.6666667 0.9333318 39.703705 36.333336 48.22222 34.555557 -10.111111 25.555555 -15.444445 48.22222 0.28296396 -1.9626464
66.0 160.0 9.0 0.0 0.0 3.0000007 4.044447 2.777778 0.4296295 22.851852 18.222221 31.555555 18.777779 -13.888889 26.11111 -12.222222 31.555555 0.4260139 -2.1387258
37.0 78.0 9.0 0.0 0.0 1.0000006 0.17777735 2.5555565 2.8740728 43.814816 41.11111 51.88889 38.444443 -8.111111 24.222221 -16.11111 51.88889 0.25891644 -1.8860723
191.0 101.0 9.0 0.0 0.0 1.111112 0.7793635 1.1111113 1.186342 45.037037 39.0 57.11111 39.0 -18.11111 36.22222 -18.11111 57.11111 0.32273299 -2.0943027
230.0 117.0 9.0 0.0 0.0 3.2777786 0.92895794 1.4444433 0.86066324 39.037037 33.555557 49.77778 33.77778 -16.444445 32.22222 -15.777778 49.77778 0.33502588 -2.1062348
176.0 100.0 9.0 0.0 0.0 1.9444441 0.7740748 1.4444447 0.6518514 55.37037 50.333332 66.88889 48.88889 -15.111111 34.555557 -19.444445 66.88889 0.26862052 -2.00619
42.0 57.0 9.0 0.0 0.0 1.3888906 0.97562754 0.99999875 0.36514837 65.703705 59.444443 79.44444 58.22222 -18.777779 41.22222 -22.444445 79.44444 0.26677614 -2.0307028
14.0 146.0 9.0 0.11111111 0.0 0.888889 0.4740738 1.1111112 0.7407407 10.592592 8.0 15.666667 8.111112 -7.7777777 15.222222 -7.4444447 15.666667 0.48786426 -2.1089108
130.0 32.0 9.0 0.0 0.0 1.1111113 1.047041 0.83333397 0.83665866 59.48148 54.22222 70.88889 53.333332 -15.777778 34.22222 -18.444445 70.88889 0.24900064 -2.042422
150.0 158.0 9.0 0.0 0.0 2.166667 1.6333338 1.388889 0.41851807 8.444445 7.0 12.222222 6.111111 -4.3333335 11.333333 -7.0 12.222222 0.50308645 -1.9434487
187.0 80.0 9.0 0.0 0.0 1.3333327 0.7111114 1.3333334 0.7111086 40.51852 37.77778 47.666668 36.11111 -8.222222 21.444445 -13.222222 47.666668 0.24472968 -1.942698
236.0 117.0 9.0 0.0 0.0 0.7777786 0.40368706 1.277778 0.74286777 45.88889 39.555557 58.444443 39.666668 -19.0 37.666668 -18.666666 58.444443 0.33047688 -2.0994802
197.0 121.0 9.0 0.0 0.0 21.666666 17.3628 0.94444436 0.9047208 41.037037 37.444443 49.444443 36.22222 -10.777778 25.222221 -14.444445 49.444443 0.28057775 -1.9955361
79.0 28.0 9.0 0.0 0.0 4.277777 3.7618961 0.8333333 0.6582806 62.407406 53.444443 79.111115 54.666668 -26.88889 50.11111 -23.222221 79.111115 0.32455578 -2.1445074
208.0 65.0 9.0 0.0 0.0 1.3888874 1.2367799 26.444445 25.537477 56.703705 52.666668 64.44444 53.0 -12.111111 23.222221 -11.111111 64.44444 0.19713038 -1.9708116
189.0 141.0 9.0 0.0 0.0 0.0 0.0 0.0 0.0 0.0 0.0 0.0 0.0 0.0 0.0 0.0 0.0 0.0 0.0
57.0 89.0 9.0 0.0 0.0 1.7222222 1.3066783 6.1666665 4.7034264 17.0 13.0 24.555555 13.444445 -12.0 22.666666 -10.666667 24.555555 0.47748852 -2.1297464
229.0 104.0 9.0 0.0 0.0 0.49999985 0.54772234 2.8333333 2.0412421 19.777779 16.333334 26.11111 16.88889 -10.333333 19.0 -8.666667 26.11111 0.37553233 -2.1506376
196.0 95.0 9.0 0.0 0.0 1.722222 1.1238165 1.3333335 1.264911 7.6296296 6.7777777 10.777778 5.3333335 -2.5555556 9.444445 -6.888889 10.777778 0.51256585 -1.7492584
54.0 133.0 9.0 0.0 0.0 1.5555557 1.0074074 0.50000006 0.3444443 5.3703704 3.6666667 9.0 3.4444444 -5.111111 10.888889 -5.7777777 9.0 0.6304714 -2.0480003
96.0 94.0 9.0 0.0 0.0 0.7222226 0.28518537 0.44444466 0.42963016 20.222221 16.0 28.777779 15.888889 -12.666667 25.666666 -13.0 28.777779 0.45154575 -2.084893
208.0 34.0 9.0 0.0 0.0 1.7222224 1.7309811 0.4444445 0.50184834 14.444445 10.777778 21.0 11.555555 -11.0 19.666666 -8.666667 21.0 0.479958 -2.1623826
123.0 152.0 9.0 0.0 0.0 0.0 0.0 0.0 0.0 0.0 0.0 0.0 0.0 0.0 0.0 0.0 0.0 0.0 0.0
223.0 62.0 9.0 0.0 0.0 0.3333334 0.29814243 0.44444442 0.50184846 6.4444447 4.111111 11.444445 3.7777777 -7.0 15.0 -8.0 11.444445 0.6703704 -2.0487173
225.0 58.0 9.0 0.0 0.0 0.3333335 0.42163706 0.4444445 0.34426522 8.333333 5.5555553 14.111111 5.3333335 -8.333333 17.333334 -9.0 14.111111 0.62222224 -2.0685637
160.0 41.0 9.0 0.0 0.0 0.8333333 0.8096638 0.22222225 0.17213258 0.7037037 0.5555556 1.2222222 0.33333334 -0.44444445 1.5555556 -1.1111112 1.2222222 0.537037 -1.8451205
186.0 12.0 9.0 0.0 0.0 0.44444433 0.27216548 2.3333333 1.9663839 6.259259 3.8888888 11.333333 3.5555556 -7.111111 15.222222 -8.111111 11.333333 0.6873016 -2.057978
252.0 137.0 9.0 0.0 0.0 0.88888884 0.544331 0.6111111 0.71232533 0.7407407 0.33333334 1.7777778 0.11111111 -1.2222222 3.1111112 -1.8888888 1.7777778 0.75 -2.0076063
239.0 93.0 9.0 0.0 0.0 3.444444 13.496301 1.0555555 0.86296237 14.407408 9.888889 22.88889 10.444445 -13.555555 25.444445 -11.888889 22.88889 0.57700235 -2.1374934
90.0 134.0 9.0 0.0 0.0 0.38888887 0.018518528 0.94444436 0.1518523 2.1111112 1.0 4.666667 0.6666667 -3.3333333 7.6666665 -4.3333335 4.666667 0.88148147 -2.0131435
4.0 189.0 9.0 0.0 0.0 2.0555565 3.8851852 11.722221 114.59634 26.444445 23.444445 33.0 22.88889 -9.0 19.666666 -10.666667 33.0 0.27147257 -2.1010017
252.0 201.0 9.0 0.0 0.0 4.6111107 5.495115 5.5555553 5.795274 40.296295 35.77778 49.0 36.11111 -13.555555 26.11111 -12.555555 49.0 0.2753682 -2.1758256
205.0 190.0 9.0 0.0 0.0 1.2777773 0.9981452 1.6111107 1.1238158 49.48148 44.77778 60.666668 43.0 -14.111111 33.555557 -19.444445 60.666668 0.29078844 -1.9875989
223.0 161.0 9.0 0.0 0.0 1.3888893 3.040736 8.999999 31.022234 42.037037 36.0 52.22222 37.88889 -18.11111 30.555555 -12.444445 52.22222 0.30841646 -2.282295
105.0 193.0 9.0 0.0 0.0 3.222222 1.9051597 2.8888893 2.1773255 60.11111 53.11111 75.111115 52.11111 -21.0 45.0 -24.0 75.111115 0.30846536 -2.047766
88.0 180.0 9.0 0.0 0.0 1.4999994 0.93689823 3.833332 2.888675 50.407406 45.22222 62.333332 43.666668 -15.555555 35.77778 -20.222221 62.333332 0.3009182 -2.0087192
198.0 183.0 9.0 0.0 0.0 1.0555547 1.1816497 3.3888881 1.5974506 54.037037 48.88889 66.55556 46.666668 -15.444445 37.555557 -22.11111 66.55556 0.2986217 -1.9749589
124.0 191.0 9.0 0.0 0.0 3.5000007 2.7386136 3.277778 2.8001328 59.74074 52.88889 74.77778 51.555557 -20.555555 45.11111 -24.555555 74.77778 0.31361094 -2.03548
151.0 163.0 9.0 0.0 0.0 2.0555556 2.2851863 18.166666 41.988934 40.0 34.555557 48.0 37.444443 -16.333334 24.0 -7.6666665 48.11111 0.2638465 -2.5174901
137.0 182.0 9.0 0.0 0.0 1.8333334 3.8555553 3.6111107 9.218522 34.925926 31.444445 42.88889 30.444445 -10.444445 23.88889 -13.444445 42.88889 0.28575617 -2.0011246
235.0 196.0 9.0 0.0 0.0 1.6666666 1.333334 2.222222 1.1482682 47.25926 41.77778 58.555557 41.444443 -16.444445 33.88889 -17.444445 58.555557 0.29423782 -2.0746155
250.0 176.0 9.0 0.0 0.11111111 1.611112 1.0628399 3.444444 1.6953092 53.666668 47.11111 67.66667 46.22222 -19.666666 42.0 -22.333334 67.66667 0.3181372 -2.0522583
178.0 185.0 9.0 0.0 0.0 2.6111119 1.8063676 3.1111114 2.2771008 49.037037 44.0 60.666668 42.444443 -15.111111 34.88889 -19.777779 60.666668 0.30003616 -2.006186
5.0 210.0 9.0 0.0 0.11111111 2.1666672 1.6699982 4.444444 2.613356 51.296295 45.444443 64.333336 44.11111 -17.555555 39.11111 -21.555555 64.333336 0.3175664 -2.0208955
86.0 193.0 9.0 0.0 0.0 3.2777793 1.6521593 2.222222 1.8094397 61.407406 53.666668 76.55556 54.0 -23.222221 45.444443 -22.222221 76.55556 0.29957896 -2.1093748
71.0 180.0 9.0 0.11111111 0.0 1.222222 0.5629625 3.0 1.8666646 22.333334 18.333334 21.444445 27.222221 -12.0 -2.6666667 14.666667 27.222221 0.3273826 2.4538307
103.0 216.0 9.0 0.0 0.0 0.88888884 0.6518517 2.1666663 1.1444442 14.555555 10.888889 13.666667 19.11111 -11.0 -2.6666667 13.666667 19.11111 0.43169576 2.4475467
8.0 199.0 9.0 0.0 0.0 1.6666671 0.78881073 1.3888893 0.71232533 15.0 13.333333 11.777778 19.88889 -5.0 -9.666667 14.666667 19.88889 0.40888458 1.9053026
163.0 166.0 9.0 0.0 0.0 1.7777776 1.0962971 2.444445 1.0518519 16.962963 12.333333 16.333334 22.222221 -13.888889 -1.8888888 15.777778 22.222221 0.4462137 2.5158255
2.0 245.0 9.0 0.0 0.0 1.8888888 2.162963 3.1666667 3.2777781 6.4074073 6.2222223 6.0 7.0 -0.5555556 -1.2222222 1.7777778 7.2222223 0.19104938 1.7566451
242.0 183.0 9.0 0.0 0.0 1.4999999 0.9368979 2.1666667 1.798147 15.37037 12.666667 12.444445 21.0 -8.111111 -8.777778 16.88889 21.0 0.42024404 2.0758736
57.0 177.0 9.0 0.0 0.0 0.94444495 0.55185163 1.4444443 1.71852 19.592592 15.777778 18.444445 24.555555 -11.444445 -3.4444444 14.888889 24.555555 0.3589904 2.413262
117.0 224.0 9.0 0.0 0.0 3.0555556 2.5596585 3.0555556 3.0215273 20.25926 15.444445 17.777779 27.555555 -14.444445 -7.4444447 21.88889 27.555555 0.44151622 2.3041532
232.0 175.0 9.0 0.0 0.0 1.1666669 0.62360954 2.8333333 2.1679492 15.37037 12.444445 13.555555 20.11111 -8.777778 -5.4444447 14.222222 20.11111 0.38741234 2.2421958
63.0 201.0 9.0 0.0 0.0 1.4444445 0.9185186 0.94444424 0.5518518 7.7777777 6.2222223 5.5555553 11.555555 -4.6666665 -6.6666665 11.333333 11.555555 0.54320127 1.9829868
72.0 191.0 9.0 0.11111111 0.0 1.2777777 0.5074075 3.1111114 4.6074066 15.185185 12.111111 14.888889 18.555555 -9.222222 -0.8888889 10.111111 18.555555 0.3503698 2.545329
233.0 184.0 9.0 0.0 0.0 0.5000002 0.077777766 0.7777777 0.785185 11.851851 9.777778 9.888889 15.888889 -6.2222223 -5.888889 12.111111 15.888889 0.40555555 2.1286457
36.0 243.0 9.0 0.11111111 0.0 1.888889 1.8518513 2.0 0.7111104 13.333333 9.888889 12.111111 18.0 -10.333333 -3.6666667 14.0 18.0 0.4522286 2.3683105
197.0 236.0 9.0 0.0 0.0 2.4444444 6.829628 3.3333333 7.599998 16.074074 13.111111 16.666668 18.444445 -8.888889 1.7777778 7.111111 18.555555 0.29272884 2.7898002
223.0 185.0 9.0 0.0 0.0 0.5 0.34960312 2.3888886 2.0807757 12.962963 11.555555 9.777778 17.555555 -4.2222223 -9.555555 13.777778 17.555555 0.44541803 1.8388497
